EURUSD,20200101,11208.4,11221.4,11205.4,11218.6,623
EURUSD,20200102,11218.7,11224.4,11163.3,11170.6,953
EURUSD,20200103,11170.7,11179.7,11124.8,11156.9,105
EURUSD,20200105,11154.6,11167.5,11154.2,11160.4,811
EURUSD,20200106,11160.3,11205.4,11157.0,11195.3,892
EURUSD,20200107,11195.1,11196.9,11133.3,11153.9,108
EURUSD,20200108,11153.8,11167.9,11101.0,11112.7,136
EURUSD,20200109,11112.8,11120.2,11092.3,11109.1,902
EURUSD,20200110,11109.0,11129.0,11084.8,11118.3,811
EURUSD,20200112,11114.8,11120.3,11109.4,11116.1,478
EURUSD,20200113,11115.7,11146.7,11112.3,11134.2,743
EURUSD,20200114,11134.3,11144.3,11104.1,11127.4,809
EURUSD,20200115,11127.5,11163.2,11118.3,11152.2,761
EURUSD,20200116,11152.3,11172.1,11127.3,11136.8,762
EURUSD,20200117,11136.5,11142.4,11086.0,11088.7,695
EURUSD,20200119,11088.3,11094.5,11078.1,11094.4,676
EURUSD,20200120,11093.9,11102.2,11076.4,11096.0,631
EURUSD,20200121,11096.1,11117.7,11080.5,11084.8,831
EURUSD,20200122,11085.0,11098.2,11069.9,11095.6,824
EURUSD,20200123,11095.5,11108.5,11036.1,11055.1,984
EURUSD,20200124,11055.0,11061.1,11018.6,11022.1,808
EURUSD,20200126,11028.4,11035.5,11021.0,11024.3,167
EURUSD,20200127,11024.2,11037.4,11009.4,11019.1,804
EURUSD,20200128,11019.0,11025.0,10997.6,11021.9,671
EURUSD,20200129,11022.0,11027.4,10992.1,11013.6,694
EURUSD,20200130,11013.3,11039.1,11006.6,11028.3,878
EURUSD,20200131,11028.2,11095.6,11016.6,11095.0,941
EURUSD,20200202,11080.9,11094.0,11078.7,11088.7,891
EURUSD,20200203,11088.4,11088.5,11034.4,11062.1,912
EURUSD,20200204,11061.9,11063.9,11032.6,11044.3,801
EURUSD,20200205,11044.2,11047.6,10993.4,11000.2,812
EURUSD,20200206,11000.5,11013.6,10964.0,10980.5,737
EURUSD,20200207,10980.4,10984.8,10941.6,10943.3,820
EURUSD,20200209,10942.3,10950.3,10940.5,10949.0,589
EURUSD,20200210,10948.7,10957.3,10907.4,10909.9,709
EURUSD,20200211,10910.0,10924.6,10890.9,10918.8,835
EURUSD,20200212,10918.7,10925.4,10864.9,10875.4,978
EURUSD,20200213,10875.3,10888.6,10833.7,10841.2,922
EURUSD,20200214,10841.1,10861.0,10826.8,10829.9,788
EURUSD,20200216,10840.2,10842.6,10834.0,10840.9,939
EURUSD,20200217,10841.1,10850.8,10828.9,10836.3,706
EURUSD,20200218,10836.4,10837.1,10785.1,10794.6,987
EURUSD,20200219,10794.7,10811.5,10781.7,10809.4,921
EURUSD,20200220,10809.6,10820.9,10777.4,10787.3,119
EURUSD,20200221,10787.6,10863.2,10786.8,10847.0,109
EURUSD,20200223,10824.9,10841.7,10807.3,10838.2,177
EURUSD,20200224,10838.3,10871.7,10804.7,10848.3,152
EURUSD,20200225,10848.4,10890.0,10829.8,10879.3,148
EURUSD,20200226,10879.4,10908.5,10854.6,10886.0,151
EURUSD,20200227,10886.3,11006.1,10884.4,10996.1,180
EURUSD,20200228,10996.2,11052.8,10950.6,11024.6,212
EURUSD,20200301,11044.8,11073.5,11037.8,11051.3,155
EURUSD,20200302,11051.7,11184.4,11035.9,11144.0,236
EURUSD,20200303,11143.5,11213.0,11095.0,11176.2,220
EURUSD,20200304,11176.1,11187.1,11095.2,11137.9,134
EURUSD,20200305,11138.0,11244.6,11119.2,11222.1,136
EURUSD,20200306,11222.2,11354.5,11211.1,11286.8,172
EURUSD,20200308,11348.8,11396.0,11332.9,11387.3,319
EURUSD,20200309,11387.4,11493.9,11355.7,11398.9,292
EURUSD,20200310,11398.8,11424.8,11274.6,11313.6,208
EURUSD,20200311,11313.9,11366.6,11248.9,11261.1,158
EURUSD,20200312,11261.0,11333.1,11055.2,11182.1,226
EURUSD,20200313,11182.2,11221.1,11054.7,11102.4,230
EURUSD,20200315,11064.3,11198.7,11061.5,11155.1,323
EURUSD,20200316,11155.5,11236.1,11084.0,11163.1,271
EURUSD,20200317,11161.8,11188.9,10954.8,11015.9,237
EURUSD,20200318,11015.7,11044.8,10801.6,10941.9,259
EURUSD,20200319,10942.9,10949.0,10652.7,10654.0,294
EURUSD,20200320,10653.9,10830.7,10637.0,10698.2,274
EURUSD,20200322,10703.1,10703.8,10634.8,10688.4,258
EURUSD,20200323,10688.3,10827.1,10657.4,10763.1,280
EURUSD,20200324,10762.9,10887.7,10745.6,10797.7,260
EURUSD,20200325,10798.0,10893.5,10759.9,10888.1,268
EURUSD,20200326,10888.0,11058.3,10874.1,11047.3,293
EURUSD,20200327,11047.0,11147.0,10953.0,11133.7,271
EURUSD,20200329,11124.6,11130.0,11103.5,11109.4,131
EURUSD,20200330,11109.3,11143.8,11009.9,11041.3,233
EURUSD,20200331,11041.2,11042.5,10926.3,11022.4,266
EURUSD,20200401,11023.2,11036.9,10902.4,10955.5,212
EURUSD,20200402,10955.1,10964.2,10820.3,10849.8,200
EURUSD,20200403,10849.2,10855.1,10772.5,10803.1,163
EURUSD,20200405,10814.1,10820.7,10801.0,10817.3,129
EURUSD,20200406,10817.4,10835.3,10767.9,10784.6,172
EURUSD,20200407,10784.7,10924.7,10784.2,10891.9,161
EURUSD,20200408,10892.1,10901.8,10829.6,10858.7,141
EURUSD,20200409,10858.8,10951.6,10840.8,10926.0,143
EURUSD,20200410,10926.6,10951.2,10917.3,10934.5,179
EURUSD,20200412,10938.2,10949.3,10929.8,10936.2,851
EURUSD,20200413,10936.3,10967.7,10892.4,10914.6,121
EURUSD,20200414,10914.7,10990.3,10914.4,10983.3,124
EURUSD,20200415,10983.2,10987.8,10856.3,10901.6,117
EURUSD,20200416,10901.5,10907.1,10816.3,10860.3,144
EURUSD,20200417,10860.4,10892.2,10811.8,10870.7,127
EURUSD,20200419,10865.0,10875.1,10860.8,10867.0,930
EURUSD,20200420,10865.1,10896.4,10841.0,10864.0,120
EURUSD,20200421,10864.1,10880.0,10816.1,10853.3,126
EURUSD,20200422,10854.1,10884.9,10803.0,10822.9,975
EURUSD,20200423,10823.0,10846.5,10755.8,10779.4,128
EURUSD,20200424,10779.5,10829.1,10726.8,10821.4,105
EURUSD,20200426,10821.8,10823.5,10813.2,10816.0,866
EURUSD,20200427,10816.2,10859.9,10811.1,10828.4,103
EURUSD,20200428,10828.5,10888.3,10809.4,10825.1,101
EURUSD,20200429,10824.8,10885.3,10823.5,10874.8,112
EURUSD,20200430,10874.7,10972.2,10832.7,10942.7,145
EURUSD,20200501,10942.8,11017.9,10934.2,10978.4,105
EURUSD,20200503,10965.1,10976.0,10952.7,10956.0,658
EURUSD,20200504,10956.1,10962.1,10895.4,10903.8,117
EURUSD,20200505,10903.7,10925.6,10825.5,10840.2,122
EURUSD,20200506,10838.9,10843.5,10781.7,10797.9,117
EURUSD,20200507,10798.0,10840.5,10766.2,10837.5,125
EURUSD,20200508,10837.6,10875.2,10814.9,10836.1,101
EURUSD,20200510,10831.2,10837.3,10820.5,10834.3,617
EURUSD,20200511,10834.2,10850.1,10799.8,10809.3,109
EURUSD,20200512,10809.5,10884.8,10784.1,10851.5,114
EURUSD,20200513,10851.4,10896.1,10811.3,10817.8,121
EURUSD,20200514,10817.5,10823.7,10774.4,10803.0,117
EURUSD,20200515,10803.3,10850.8,10788.5,10816.3,106
EURUSD,20200517,10807.6,10822.9,10799.5,10820.7,706
EURUSD,20200518,10820.6,10926.6,10799.6,10916.2,108
EURUSD,20200519,10916.4,10975.8,10901.9,10923.8,114
EURUSD,20200520,10924.0,10998.7,10922.4,10978.8,106
EURUSD,20200521,10979.1,11008.0,10936.8,10950.2,102
EURUSD,20200522,10950.6,10953.3,10885.0,10900.1,959
EURUSD,20200524,10890.9,10905.0,10889.5,10903.7,375
EURUSD,20200525,10903.9,10914.2,10870.1,10894.5,717
EURUSD,20200526,10894.4,10995.6,10894.3,10981.5,105
EURUSD,20200527,10981.4,11030.5,10933.6,11012.8,152
EURUSD,20200528,11012.7,11093.3,10991.4,11073.6,149
EURUSD,20200529,11073.1,11144.7,11069.5,11102.3,158
EURUSD,20200531,11112.7,11119.6,11101.9,11111.8,701
EURUSD,20200601,11111.7,11153.5,11100.2,11132.0,132
EURUSD,20200602,11131.9,11195.7,11114.8,11172.8,141
EURUSD,20200603,11173.0,11257.5,11168.8,11231.9,162
EURUSD,20200604,11232.2,11361.9,11194.3,11338.0,171
EURUSD,20200605,11338.1,11383.5,11278.1,11290.3,135
EURUSD,20200607,11295.3,11304.4,11285.3,11301.2,603
EURUSD,20200608,11301.3,11319.4,11268.0,11294.3,102
EURUSD,20200609,11294.8,11363.6,11240.7,11338.5,113
EURUSD,20200610,11338.4,11422.0,11320.6,11377.1,119
EURUSD,20200611,11377.0,11403.4,11286.8,11298.4,142
EURUSD,20200612,11298.3,11340.2,11212.2,11255.1,133
EURUSD,20200614,11237.9,11251.4,11225.0,11246.8,843
EURUSD,20200615,11246.7,11332.1,11226.4,11329.2,133
EURUSD,20200616,11328.8,11353.1,11227.7,11258.9,131
EURUSD,20200617,11258.8,11293.7,11206.7,11244.3,143
EURUSD,20200618,11244.4,11261.2,11185.2,11208.7,146
EURUSD,20200619,11208.9,11254.0,11167.8,11176.4,134
EURUSD,20200621,11181.3,11187.6,11173.9,11180.1,442
EURUSD,20200622,11178.2,11274.5,11167.6,11272.6,124
EURUSD,20200623,11272.7,11348.4,11232.7,11307.8,149
EURUSD,20200624,11307.7,11325.6,11247.9,11252.0,139
EURUSD,20200625,11252.1,11259.5,11190.1,11220.9,163
EURUSD,20200626,11221.0,11239.1,11194.9,11217.4,130
EURUSD,20200628,11218.6,11226.8,11212.5,11224.0,613
EURUSD,20200629,11224.2,11287.7,11219.0,11249.0,136
EURUSD,20200630,11248.6,11261.5,11190.7,11234.7,150
EURUSD,20200701,11234.6,11274.9,11184.6,11251.8,147
EURUSD,20200702,11251.9,11302.4,11222.9,11241.2,141
EURUSD,20200703,11241.3,11251.2,11218.8,11245.2,141
EURUSD,20200705,11241.2,11245.8,11236.2,11244.8,318
EURUSD,20200706,11244.7,11345.3,11244.2,11310.2,139
EURUSD,20200707,11310.5,11332.3,11258.6,11273.7,143
EURUSD,20200708,11273.4,11351.3,11262.1,11332.3,149
EURUSD,20200709,11332.1,11370.4,11279.7,11287.3,163
