GBPCAD,20200101,17183.8,17204.3,17174.0,17189.9,121
GBPCAD,20200102,17189.4,17207.5,17040.1,17069.5,148
GBPCAD,20200103,17069.2,17082.8,16961.0,17002.1,155
GBPCAD,20200105,16989.0,16991.1,16957.1,16983.8,752
GBPCAD,20200106,16983.7,17086.6,16960.0,17072.5,137
GBPCAD,20200107,17072.3,17125.8,17014.2,17046.1,144
GBPCAD,20200108,17046.5,17119.8,17025.5,17081.6,166
GBPCAD,20200109,17083.9,17111.5,16983.2,17071.8,137
GBPCAD,20200110,17071.5,17105.5,17011.9,17046.9,124
GBPCAD,20200112,16996.8,17043.2,16991.9,17041.0,620
GBPCAD,20200113,17041.1,17043.7,16918.0,16952.8,119
GBPCAD,20200114,16952.7,17015.8,16930.8,17014.8,110
GBPCAD,20200115,17012.8,17031.9,16978.6,17001.3,108
GBPCAD,20200116,17001.5,17061.6,16992.0,17052.8,105
GBPCAD,20200117,17052.9,17106.7,16988.9,16994.3,107
GBPCAD,20200119,16962.7,16991.6,16951.9,16988.6,656
GBPCAD,20200120,16988.7,16995.6,16940.0,16962.5,100
GBPCAD,20200121,16961.8,17083.5,16957.1,17052.9,125
GBPCAD,20200122,17055.6,17276.3,17052.0,17271.5,139
GBPCAD,20200123,17273.0,17305.2,17204.1,17219.4,131
GBPCAD,20200124,17221.1,17281.2,17156.4,17182.4,127
GBPCAD,20200126,17177.9,17201.1,17167.8,17188.2,106
GBPCAD,20200127,17188.4,17274.4,17174.5,17222.2,127
GBPCAD,20200128,17221.7,17230.6,17101.4,17143.2,120
GBPCAD,20200129,17143.4,17189.8,17122.5,17185.0,113
GBPCAD,20200130,17184.6,17333.5,17153.3,17285.5,138
GBPCAD,20200131,17285.3,17478.2,17283.9,17475.6,129
GBPCAD,20200202,17429.6,17456.8,17424.8,17451.1,619
GBPCAD,20200203,17450.9,17455.8,17232.5,17277.1,122
GBPCAD,20200204,17277.2,17322.7,17192.8,17306.0,121
GBPCAD,20200205,17308.0,17355.3,17222.9,17262.7,119
GBPCAD,20200206,17263.3,17267.6,17164.7,17178.0,108
GBPCAD,20200207,17179.1,17253.1,17133.8,17139.1,111
GBPCAD,20200209,17134.3,17156.3,17129.8,17155.2,540
GBPCAD,20200210,17155.6,17246.9,17110.0,17198.3,110
GBPCAD,20200211,17198.4,17234.9,17146.0,17218.5,109
GBPCAD,20200212,17218.2,17235.6,17159.8,17173.9,118
GBPCAD,20200213,17174.4,17322.8,17153.3,17302.9,137
GBPCAD,20200214,17303.2,17311.3,17218.8,17283.9,106
GBPCAD,20200216,17270.8,17290.0,17255.7,17284.1,599
GBPCAD,20200217,17283.9,17287.6,17198.1,17213.2,101
GBPCAD,20200218,17212.3,17305.1,17183.4,17226.6,127
GBPCAD,20200219,17228.6,17234.3,17070.9,17087.6,126
GBPCAD,20200220,17086.9,17126.0,17019.5,17078.7,138
GBPCAD,20200221,17078.9,17175.2,17065.1,17131.6,136
GBPCAD,20200223,17143.5,17167.7,17133.4,17162.4,923
GBPCAD,20200224,17162.6,17201.5,17119.4,17170.1,152
GBPCAD,20200225,17171.5,17293.8,17166.6,17264.8,169
GBPCAD,20200226,17263.9,17283.8,17149.3,17218.7,171
GBPCAD,20200227,17218.4,17258.5,17143.1,17251.1,193
GBPCAD,20200228,17251.0,17375.6,17090.7,17162.0,211
GBPCAD,20200301,17154.2,17221.9,17131.8,17162.0,114
GBPCAD,20200302,17162.6,17169.1,16970.3,17008.0,212
GBPCAD,20200303,17008.2,17171.6,17007.1,17146.0,195
GBPCAD,20200304,17146.4,17251.9,17047.1,17226.8,148
GBPCAD,20200305,17226.6,17395.9,17226.4,17339.2,145
GBPCAD,20200306,17338.9,17525.3,17338.0,17507.3,161
GBPCAD,20200308,17699.0,17847.6,17687.9,17839.5,180
GBPCAD,20200309,17838.9,18045.2,17710.8,17856.4,197
GBPCAD,20200310,17855.7,17918.5,17645.7,17718.2,172
GBPCAD,20200311,17718.9,17816.2,17601.8,17651.0,158
GBPCAD,20200312,17650.8,17737.7,17259.7,17527.3,171
GBPCAD,20200313,17527.6,17527.6,16913.1,16938.6,171
GBPCAD,20200315,17029.9,17205.1,16993.4,17089.3,192
GBPCAD,20200316,17088.4,17205.5,16983.9,17183.5,198
GBPCAD,20200317,17182.9,17258.4,16995.9,17253.4,201
GBPCAD,20200318,17251.8,17259.4,16597.7,16805.6,208
GBPCAD,20200319,16807.5,17028.5,16519.4,16657.7,217
GBPCAD,20200320,16659.0,16995.7,16614.7,16692.4,191
GBPCAD,20200322,16750.0,16832.4,16672.3,16798.7,152
GBPCAD,20200323,16800.1,16915.0,16609.6,16785.2,203
GBPCAD,20200324,16785.7,17099.8,16729.8,17021.1,208
GBPCAD,20200325,17021.9,17168.0,16690.8,16846.5,217
GBPCAD,20200326,16846.8,17183.0,16813.4,17116.9,260
GBPCAD,20200327,17115.9,17485.5,17068.2,17403.3,241
GBPCAD,20200329,17389.1,17463.3,17376.8,17442.6,102
GBPCAD,20200330,17445.3,17611.1,17344.5,17544.0,226
GBPCAD,20200331,17542.1,17796.2,17380.3,17463.9,228
GBPCAD,20200401,17467.1,17686.5,17441.1,17548.3,213
GBPCAD,20200402,17548.0,17689.9,17451.5,17491.6,209
GBPCAD,20200403,17490.5,17552.3,17263.0,17403.2,190
GBPCAD,20200405,17425.0,17462.0,17351.1,17424.5,899
GBPCAD,20200406,17425.5,17435.2,17172.7,17241.9,204
GBPCAD,20200407,17242.0,17336.8,17198.8,17297.0,204
GBPCAD,20200408,17295.0,17445.0,17253.0,17366.6,191
GBPCAD,20200409,17365.6,17480.6,17344.9,17411.1,196
GBPCAD,20200410,17409.8,17448.4,17355.6,17363.2,134
GBPCAD,20200412,17326.4,17435.7,17315.8,17421.3,569
GBPCAD,20200413,17422.2,17498.4,17331.8,17364.1,159
GBPCAD,20200414,17364.2,17579.3,17362.5,17520.3,168
GBPCAD,20200415,17520.0,17696.4,17483.6,17677.3,162
GBPCAD,20200416,17676.2,17680.8,17483.6,17519.7,171
GBPCAD,20200417,17520.1,17592.4,17485.5,17495.4,161
GBPCAD,20200419,17491.3,17546.1,17482.6,17534.2,493
GBPCAD,20200420,17533.8,17600.6,17464.2,17569.4,149
GBPCAD,20200421,17568.0,17625.8,17386.2,17457.0,187
GBPCAD,20200422,17456.9,17517.4,17402.0,17475.7,166
GBPCAD,20200423,17477.1,17504.2,17331.7,17379.0,168
GBPCAD,20200424,17376.8,17444.4,17333.0,17423.4,148
GBPCAD,20200426,17411.4,17448.4,17410.6,17444.5,458
GBPCAD,20200427,17443.4,17510.3,17400.3,17424.2,151
GBPCAD,20200428,17424.3,17487.4,17370.1,17392.0,148
GBPCAD,20200429,17393.1,17402.9,17268.5,17305.2,150
GBPCAD,20200430,17306.8,17576.2,17258.0,17555.9,162
GBPCAD,20200501,17555.7,17703.4,17538.4,17597.4,146
GBPCAD,20200503,17575.3,17606.2,17558.5,17592.7,689
GBPCAD,20200504,17591.9,17622.1,17477.2,17523.0,150
GBPCAD,20200505,17523.1,17540.2,17435.2,17465.5,147
GBPCAD,20200506,17465.6,17506.1,17371.3,17473.1,149
GBPCAD,20200507,17473.5,17499.0,17205.3,17273.9,158
GBPCAD,20200508,17273.7,17362.5,17226.0,17265.1,124
GBPCAD,20200510,17271.9,17297.2,17260.5,17292.4,533
GBPCAD,20200511,17292.3,17330.4,17201.7,17285.3,158
GBPCAD,20200512,17286.5,17315.3,17207.1,17253.8,168
GBPCAD,20200513,17253.6,17295.2,17167.1,17241.0,186
GBPCAD,20200514,17241.5,17256.5,17145.1,17170.4,184
GBPCAD,20200515,17170.5,17192.6,17051.6,17066.5,162
GBPCAD,20200517,17016.5,17053.9,17011.8,17037.6,885
GBPCAD,20200518,17036.9,17101.2,16982.6,17004.0,168
GBPCAD,20200519,17003.8,17089.2,16981.9,17072.0,175
GBPCAD,20200520,17071.9,17087.0,16979.9,17010.7,165
GBPCAD,20200521,17010.8,17080.0,16968.8,17048.8,158
GBPCAD,20200522,17049.3,17121.9,17012.9,17033.6,160
GBPCAD,20200524,17025.4,17044.1,17007.4,17043.2,284
GBPCAD,20200525,17042.3,17062.2,17018.9,17037.9,145
GBPCAD,20200526,17039.3,17112.3,16974.7,16991.1,168
GBPCAD,20200527,16991.3,17007.9,16843.2,16870.9,188
GBPCAD,20200528,16870.8,16991.1,16847.0,16970.4,190
GBPCAD,20200529,16970.3,17117.1,16903.7,16996.7,188
GBPCAD,20200531,16970.1,17028.7,16961.5,17010.0,963
GBPCAD,20200601,17010.3,17030.9,16934.8,16949.0,170
GBPCAD,20200602,16949.4,17009.2,16903.9,16971.4,166
GBPCAD,20200603,16971.7,17064.7,16954.3,16975.1,174
GBPCAD,20200604,16975.0,17045.6,16877.3,16995.5,180
GBPCAD,20200605,16996.2,17083.3,16962.9,16998.2,143
GBPCAD,20200607,16994.3,17023.7,16983.8,17023.5,704
GBPCAD,20200608,17024.0,17065.7,16923.1,17039.3,129
GBPCAD,20200609,17039.4,17115.8,17004.3,17076.3,136
GBPCAD,20200610,17077.2,17138.4,17049.0,17088.8,147
GBPCAD,20200611,17088.6,17174.6,17049.7,17153.9,156
GBPCAD,20200612,17153.3,17156.1,16991.1,17033.3,152
GBPCAD,20200614,17025.8,17051.5,17002.2,17046.2,728
GBPCAD,20200615,17045.2,17140.1,17025.7,17087.9,157
GBPCAD,20200616,17087.7,17174.6,17006.5,17024.9,153
GBPCAD,20200617,17024.1,17038.3,16965.7,17033.2,167
GBPCAD,20200618,17033.0,17054.2,16834.2,16895.5,177
GBPCAD,20200619,16893.8,16926.1,16748.3,16797.7,157
GBPCAD,20200621,16794.8,16818.2,16786.9,16803.3,345
GBPCAD,20200622,16802.8,16880.5,16795.6,16874.7,152
GBPCAD,20200623,16874.6,16969.4,16823.7,16960.2,164
GBPCAD,20200624,16959.9,17003.9,16872.0,16934.3,165
GBPCAD,20200625,16934.5,16986.2,16903.9,16935.2,168
GBPCAD,20200626,16935.4,16955.8,16847.5,16877.9,151
GBPCAD,20200628,16856.7,16889.9,16856.2,16879.0,484
GBPCAD,20200629,16879.1,16913.4,16785.4,16806.7,158
GBPCAD,20200630,16805.7,16861.1,16767.3,16820.8,157
GBPCAD,20200701,16820.9,16967.2,16773.8,16946.4,149
GBPCAD,20200702,16946.8,17025.1,16897.6,16911.9,145
GBPCAD,20200703,16910.9,16933.1,16873.7,16905.8,131
GBPCAD,20200705,16876.0,16925.6,16870.8,16900.4,442
GBPCAD,20200706,16900.3,16956.9,16884.9,16911.1,137
GBPCAD,20200707,16910.9,17103.0,16908.3,17061.7,147
GBPCAD,20200708,17062.1,17086.9,17019.7,17043.6,149
GBPCAD,20200709,17043.4,17147.1,17034.9,17120.8,152
